   Compiling shuffle_sharding v0.1.0 (/root/devlab/rust/shuffle_sharding)
warning: unused imports: `Decode`, `Encode`
  --> src/main.rs:10:15
   |
10 | use bitcode::{Decode, Encode};
   |               ^^^^^^  ^^^^^^
   |
   = note: `#[warn(unused_imports)]` on by default

warning: `shuffle_sharding` (bin "shuffle_sharding") generated 1 warning (run `cargo fix --bin "shuffle_sharding"` to apply 1 suggestion)
    Finished `release` profile [optimized + debuginfo] target(s) in 1.41s
     Running `target/release/shuffle_sharding`
[src/main.rs:22:5] servers.len() = 50
[src/main.rs:70:5] encoded = [
    50,
    9,
    18,
    183,
    254,
    235,
    255,
    119,
    251,
    1,
    115,
    101,
    114,
    118,
    101,
    114,
    49,
    49,
    46,
    116,
    104,
    101,
    121,
    107,
    107,
    46,
    110,
    101,
    116,
    115,
    101,
    114,
    118,
    101,
    114,
    49,
    48,
    46,
    116,
    104,
    101,
    121,
    107,
    107,
    46,
    110,
    101,
    116,
    115,
    101,
    114,
    118,
    101,
    114,
    50,
    48,
    46,
    116,
    104,
    101,
    121,
    107,
    107,
    46,
    110,
    101,
    116,
    115,
    101,
    114,
    118,
    101,
    114,
    49,
    46,
    116,
    104,
    101,
    121,
    107,
    107,
    46,
    110,
    101,
    116,
    115,
    101,
    114,
    118,
    101,
    114,
    51,
    52,
    46,
    116,
    104,
    101,
    121,
    107,
    107,
    46,
    110,
    101,
    116,
    115,
    101,
    114,
    118,
    101,
    114,
    52,
    52,
    46,
    116,
    104,
    101,
    121,
    107,
    107,
    46,
    110,
    101,
    116,
    115,
    101,
    114,
    118,
    101,
    114,
    53,
    46,
    116,
    104,
    101,
    121,
    107,
    107,
    46,
    110,
    101,
    116,
    115,
    101,
    114,
    118,
    101,
    114,
    51,
    53,
    46,
    116,
    104,
    101,
    121,
    107,
    107,
    46,
    110,
    101,
    116,
    115,
    101,
    114,
    118,
    101,
    114,
    51,
    46,
    116,
    104,
    101,
    121,
    107,
    107,
    46,
    110,
    101,
    116,
    115,
    101,
    114,
    118,
    101,
    114,
    52,
    53,
    46,
    116,
    104,
    101,
    121,
    107,
    107,
    46,
    110,
    101,
    116,
    115,
    101,
    114,
    118,
    101,
    114,
    51,
    51,
    46,
    116,
    104,
    101,
    121,
    107,
    107,
    46,
    110,
    101,
    116,
    115,
    101,
    114,
    118,
    101,
    114,
    50,
    49,
    46,
    116,
    104,
    101,
    121,
    107,
    107,
    46,
    110,
    101,
    116,
    115,
    101,
    114,
    118,
    101,
    114,
    49,
    51,
    46,
    116,
    104,
    101,
    121,
    107,
    107,
    46,
    110,
    101,
    116,
    115,
    101,
    114,
    118,
    101,
    114,
    51,
    56,
    46,
    116,
    104,
    101,
    121,
    107,
    107,
    46,
    110,
    101,
    116,
    115,
    101,
    114,
    118,
    101,
    114,
    50,
    57,
    46,
    116,
    104,
    101,
    121,
    107,
    107,
    46,
    110,
    101,
    116,
    115,
    101,
    114,
    118,
    101,
    114,
    49,
    50,
    46,
    116,
    104,
    101,
    121,
    107,
    107,
    46,
    110,
    101,
    116,
    115,
    101,
    114,
    118,
    101,
    114,
    50,
    52,
    46,
    116,
    104,
    101,
    121,
    107,
    107,
    46,
    110,
    101,
    116,
    115,
    101,
    114,
    118,
    101,
    114,
    51,
    57,
    46,
    116,
    104,
    101,
    121,
    107,
    107,
    46,
    110,
    101,
    116,
    115,
    101,
    114,
    118,
    101,
    114,
    55,
    46,
    116,
    104,
    101,
    121,
    107,
    107,
    46,
    110,
    101,
    116,
    115,
    101,
    114,
    118,
    101,
    114,
    50,
    50,
    46,
    116,
    104,
    101,
    121,
    107,
    107,
    46,
    110,
    101,
    116,
    115,
    101,
    114,
    118,
    101,
    114,
    52,
    46,
    116,
    104,
    101,
    121,
    107,
    107,
    46,
    110,
    101,
    116,
    115,
    101,
    114,
    118,
    101,
    114,
    49,
    52,
    46,
    116,
    104,
    101,
    121,
    107,
    107,
    46,
    110,
    101,
    116,
    115,
    101,
    114,
    118,
    101,
    114,
    49,
    54,
    46,
    116,
    104,
    101,
    121,
    107,
    107,
    46,
    110,
    101,
    116,
    115,
    101,
    114,
    118,
    101,
    114,
    51,
    54,
    46,
    116,
    104,
    101,
    121,
    107,
    107,
    46,
    110,
    101,
    116,
    115,
    101,
    114,
    118,
    101,
    114,
    50,
    55,
    46,
    116,
    104,
    101,
    121,
    107,
    107,
    46,
    110,
    101,
    116,
    115,
    101,
    114,
    118,
    101,
    114,
    50,
    54,
    46,
    116,
    104,
    101,
    121,
    107,
    107,
    46,
    110,
    101,
    116,
    115,
    101,
    114,
    118,
    101,
    114,
    53,
    48,
    46,
    116,
    104,
    101,
    121,
    107,
    107,
    46,
    110,
    101,
    116,
    115,
    101,
    114,
    118,
    101,
    114,
    49,
    56,
    46,
    116,
    104,
    101,
    121,
    107,
    107,
    46,
    110,
    101,
    116,
    115,
    101,
    114,
    118,
    101,
    114,
    52,
    57,
    46,
    116,
    104,
    101,
    121,
    107,
    107,
    46,
    110,
    101,
    116,
    115,
    101,
    114,
    118,
    101,
    114,
    51,
    48,
    46,
    116,
    104,
    101,
    121,
    107,
    107,
    46,
    110,
    101,
    116,
    115,
    101,
    114,
    118,
    101,
    114,
    50,
    56,
    46,
    116,
    104,
    101,
    121,
    107,
    107,
    46,
    110,
    101,
    116,
    115,
    101,
    114,
    118,
    101,
    114,
    51,
    55,
    46,
    116,
    104,
    101,
    121,
    107,
    107,
    46,
    110,
    101,
    116,
    115,
    101,
    114,
    118,
    101,
    114,
    52,
    48,
    46,
    116,
    104,
    101,
    121,
    107,
    107,
    46,
    110,
    101,
    116,
    115,
    101,
    114,
    118,
    101,
    114,
    51,
    49,
    46,
    116,
    104,
    101,
    121,
    107,
    107,
    46,
    110,
    101,
    116,
    115,
    101,
    114,
    118,
    101,
    114,
    52,
    51,
    46,
    116,
    104,
    101,
    121,
    107,
    107,
    46,
    110,
    101,
    116,
    115,
    101,
    114,
    118,
    101,
    114,
    50,
    46,
    116,
    104,
    101,
    121,
    107,
    107,
    46,
    110,
    101,
    116,
    115,
    101,
    114,
    118,
    101,
    114,
    52,
    50,
    46,
    116,
    104,
    101,
    121,
    107,
    107,
    46,
    110,
    101,
    116,
    115,
    101,
    114,
    118,
    101,
    114,
    52,
    49,
    46,
    116,
    104,
    101,
    121,
    107,
    107,
    46,
    110,
    101,
    116,
    115,
    101,
    114,
    118,
    101,
    114,
    50,
    51,
    46,
    116,
    104,
    101,
    121,
    107,
    107,
    46,
    110,
    101,
    116,
    115,
    101,
    114,
    118,
    101,
    114,
    56,
    46,
    116,
    104,
    101,
    121,
    107,
    107,
    46,
    110,
    101,
    116,
    115,
    101,
    114,
    118,
    101,
    114,
    49,
    55,
    46,
    116,
    104,
    101,
    121,
    107,
    107,
    46,
    110,
    101,
    116,
    115,
    101,
    114,
    118,
    101,
    114,
    52,
    55,
    46,
    116,
    104,
    101,
    121,
    107,
    107,
    46,
    110,
    101,
    116,
    115,
    101,
    114,
    118,
    101,
    114,
    54,
    46,
    116,
    104,
    101,
    121,
    107,
    107,
    46,
    110,
    101,
    116,
    115,
    101,
    114,
    118,
    101,
    114,
    51,
    50,
    46,
    116,
    104,
    101,
    121,
    107,
    107,
    46,
    110,
    101,
    116,
    115,
    101,
    114,
    118,
    101,
    114,
    52,
    56,
    46,
    116,
    104,
    101,
    121,
    107,
    107,
    46,
    110,
    101,
    116,
    115,
    101,
    114,
    118,
    101,
    114,
    49,
    57,
    46,
    116,
    104,
    101,
    121,
    107,
    107,
    46,
    110,
    101,
    116,
    115,
    101,
    114,
    118,
    101,
    114,
    52,
    54,
    46,
    116,
    104,
    101,
    121,
    107,
    107,
    46,
    110,
    101,
    116,
    115,
    101,
    114,
    118,
    101,
    114,
    50,
    53,
    46,
    116,
    104,
    101,
    121,
    107,
    107,
    46,
    110,
    101,
    116,
    115,
    101,
    114,
    118,
    101,
    114,
    49,
    53,
    46,
    116,
    104,
    101,
    121,
    107,
    107,
    46,
    110,
    101,
    116,
    115,
    101,
    114,
    118,
    101,
    114,
    57,
    46,
    116,
    104,
    101,
    121,
    107,
    107,
    46,
    110,
    101,
    116,
    2,
    60,
    31,
    35,
    31,
    98,
    31,
    99,
    31,
    125,
    31,
    170,
    31,
    248,
    30,
    95,
    31,
    63,
    31,
    46,
    31,
    94,
    31,
    34,
    31,
    105,
    31,
    150,
    31,
    27,
    31,
    217,
    30,
    179,
    31,
    89,
    31,
    207,
    31,
    178,
    30,
    24,
    31,
    112,
    31,
    44,
    31,
    221,
    31,
    79,
    31,
    160,
    30,
    143,
    30,
    70,
    31,
    34,
    31,
    81,
    31,
    46,
    31,
    90,
    31,
    228,
    30,
    123,
    31,
    41,
    31,
    99,
    31,
    80,
    31,
    95,
    31,
    78,
    31,
    237,
    30,
    153,
    30,
    245,
    30,
    230,
    30,
    143,
    31,
    19,
    31,
    51,
    31,
    38,
    31,
    181,
    31,
    96,
    31,
    200,
    31,
]
